# id	left	top	right	bottom	texture_id
[SPRITES]
#####  BIG ###############
#IDLE
11121	742	294	765	327	0
11111	742	294	765	327	0

#WALKING RIGHT
11222	25	292	44	327	0
11223	90	295	110	326	0
11224	157	293	173	327	0
11225	220	293	238	327	0
11226	285	295	305	326	0
11227	353	292	369	327	0

#WALKING LEFT
11212	25	292	44	327	0
11213	90	295	110	326	0
11214	157	293	173	327	0
11215	220	293	238	327	0
11216	285	295	305	326	0
11217	353	292	369	327	0


#RUNNING RIGHT
11321	25	292	44	327	0
11322	90	295	110	326	0
11323	157	293	173	327	0
11324	220	293	238	327	0
11325	285	295	305	326	0
11326	353	292	369	327	0


#RUNNING LEFT
11311	25	292	44	327	0
11312	90	295	110	326	0
11313	157	293	173	327	0
11314	220	293	238	327	0
11315	285	295	305	326	0
11316	353	292	369	327	0


#JUMP WALK RIGHT
11417	805	366	821	386	0
11413	868	367	887	383	0
11414	935	364	951	384	0
11415	999	367	1018	383	0

#JUMP RUN RIGHT & LEFT
11427	805	366	821	386	0
11423	868	367	887	383	0
11424	935	364	951	384	0
11425	999	367	1018	383	0

#SIT RIGHT & LEFT 
11521	927	310	959	326	0
11511	992	311	1024	327	0

#BRACE RIGHT & LEFT 
11621	425	154	442	181	0
11611	5	154	22	181	0

#SWIM
11711	25	345	41	448	0
11712	90	428	106	443	0
11713	155	427	171	442	0
11714	220	425	445	441	0


#DIE
13001	992	511	1024	521	0


############ SMALL ################
 #IDLE
12121	247	0	260	15	0
12111	187	0	200	15	0

#WALK RIGHT
12222	275	0	292	15	0
12223	306	0	321	15	0

#WALK LEFT
12212	155	0	170	15	0
12213	125	0	140	15	0

#RUN RIGHT
12321	275	0	290	15	0
12322	306	0	321	15	0
12323	335	0	350	15	0

#RUN LEFT
12311	155	0	170	15	0
12312	125	0	140	15	0
12313	95	0	110	15	0

#BRACE RIGHT & LEFT
12511	6	0	19	15	0
12521	426	0	439	15	0

#JUMP WALK RIGHT & LEFT 
12413	35	80	50	95	0
12417	395	80	410	95	0

#JUMP RUN RIGHT & LEFT 
12423	65	40	80	55	0
12427	365	40	380	55	0

# ani_id	sprite1_id	time1	sprite2_id	time2	...
[ANIMATIONS]
400	11121	100
401	11111	100

#WALKING RIGHT & LEFT 
500	11121	100	11222	100	11223	100
501	11111	100	11212	100	11213	100

#RUNNING RIGHT & LEFT
600	11321	50	11322	50	11323	50
601	11311	50	11312	50	11313	50

#JUMP WALK
700	11417	100
701	11413	100
702	11414	100
703	11415	100

#JUMP RUN
800	11427	100
801	11423	100
802	11424	100
803	11425	100

#SIT RIGHT & LEFT 
900	11521	100
901	11511	100

#BRACE RIGHT & LEFT 
1000	11621	100
1001	11611	100

#SWIM
1700	11711	100
1701	11712	100
1702	11713	100
1703	11714	100

#DIE
999	13001	100

################### SMALL #################
1100	12121	100
1102	12111	100


#WALK LEFT & RIGHT 
1200	12121	100	12222	100	12223	100
1201	12111	100	12212	100	12213	100

#RUN LEFT & RIGHT
1300	12321	100	12322	100	12323	100
1301	12311	100	12312	100	12313	100

#BRACE LEFT & RIGHT
1401	12511	100
1400	12521	100

#JUMP WALK
1500	12417	100
1501	12413	100

#JUMP RUN 
1601	12423	100
1600	12427	100