# id	left	top	right	bottom	texture_id
[SPRITES]
#####  BIG ###############
#IDLE
11121	1585	292	1605	326	0
11111	1585	292	1605	326	0

#WALKING RIGHT
11222	1063	292	1083	326	0
11223	1127	293	1148	327	0
11224	1195	292	1210	326	0
11225	1258	292	1275	326	0
11226	1322	293	1343	327	0
11227	1392	292	1408	326	0

#WALKING LEFT
11212	1063	292	1083	326	0
11213	1127	293	1148	327	0
11214	1195	292	1210	326	0
11215	1258	292	1275	326	0
11216	1322	293	1343	327	0
11217	1392	292	1408	326	0

#RUNNING RIGHT
11321	1063	292	1083	326	0
11322	1127	293	1148	327	0
11323	1195	292	1210	326	0
11324	1258	292	1275	326	0
11325	1322	293	1343	327	0
11326	1392	292	1408	326	0

#RUNNING LEFT
11311	1063	292	1083	326	0
11312	1127	293	1148	327	0
11313	1195	292	1210	326	0
11314	1258	292	1275	326	0
11315	1322	293	1343	327	0
11316	1392	292	1408	326	0

#JUMP WALK RIGHT
11417	1845	370	1861	386	0
11413	1910	370	1926	386	0
11414	1975	370	1991	386	0
11415	2040	370	2056	386	0

#JUMP RUN RIGHT & LEFT
11427	1845	370	1861	386	0
11423	1910	370	1926	386	0
11424	1975	370	1991	386	0
11425	2040	370	2056	386	0


#SIT RIGHT & LEFT 
11521	1967	41	1999	57	0
11511	2032	42	2064	58	0

#BRACE RIGHT & LEFT 
11621	425	154	442	181	0
11611	5	154	22	181	0

#SWIM
11711	1065	435	1081	448	0
11712	1132	428	1148	442	0
11713	1197	427	1213	441	0
11714	1260	424	1280	441	0


#DIE
13001	2032	241	2064	254	0


############ SMALL ################
 #IDLE
12121	247	0	260	15	0
12111	187	0	200	15	0

#WALK RIGHT
12222	275	0	292	15	0
12223	306	0	321	15	0

#WALK LEFT
12212	155	0	170	15	0
12213	125	0	140	15	0

#RUN RIGHT
12321	275	0	290	15	0
12322	306	0	321	15	0
12323	335	0	350	15	0

#RUN LEFT
12311	155	0	170	15	0
12312	125	0	140	15	0
12313	95	0	110	15	0

#BRACE RIGHT & LEFT
12511	6	0	19	15	0
12521	426	0	439	15	0

#JUMP WALK RIGHT & LEFT 
12413	35	80	50	95	0
12417	395	80	410	95	0

#JUMP RUN RIGHT & LEFT 
12423	65	40	80	55	0
12427	365	40	380	55	0

# ani_id	sprite1_id	time1	sprite2_id	time2	...
[ANIMATIONS]
400	11121	100
401	11111	100

#WALKING RIGHT & LEFT 
500	11121	100	11222	100	11223	100
501	11111	100	11212	100	11213	100

#RUNNING RIGHT & LEFT
600	11321	50	11322	50	11323	50
601	11311	50	11312	50	11313	50

#JUMP WALK
700	11417	100
701	11413	100
702	11414	100
703	11415	100

#JUMP RUN
800	11427	100
801	11423	100
802	11424	100
803	11425	100

#SIT RIGHT & LEFT 
900	11521	100
901	11511	100

#BRACE RIGHT & LEFT 
1000	11621	100
1001	11611	100

#SWIM
1700	11711	100
1701	11712	100
1702	11713	100
1703	11714	100

#DIE
999	13001	100

################### SMALL #################
1100	12121	100
1102	12111	100


#WALK LEFT & RIGHT 
1200	12121	100	12222	100	12223	100
1201	12111	100	12212	100	12213	100

#RUN LEFT & RIGHT
1300	12321	100	12322	100	12323	100
1301	12311	100	12312	100	12313	100

#BRACE LEFT & RIGHT
1401	12511	100
1400	12521	100

#JUMP WALK
1500	12417	100
1501	12413	100

#JUMP RUN 
1601	12423	100
1600	12427	100